Landmark0: 5.54132 1.36697 20.5436
Landmark1: 5.85628 1.2177 19.1737
Landmark2: 3.80459 0.999767 12.2849
Landmark3: 8.94497 1.08122 12.5771
Landmark4: 5.68201 8.90689 19.0221
Landmark5: 5.66742 7.50406 17.4767
Landmark6: 5.95666 7.53356 17.4936
Landmark7: 5.73434 7.08818 16.6509
Landmark8: 6.009 7.09566 16.6942
Landmark9: 5.33864 7.58259 14.0071
Landmark10: 6.86408 7.56778 14.1748
Landmark11: 6.10588 7.73893 14.0881
Landmark12: 5.56165 7.74786 11.4325
Landmark13: 7.09523 7.66855 11.6119
Landmark14: 6.31025 7.86999 11.9241
Landmark15: 6.63539 7.92023 7.6398
Landmark16: 6.87102 9.0766 4.04644
Landmark17: 2.81379 8.26088 6.08503
Landmark18: 10.5327 8.44454 6.70334
Landmark19: 5.60241 5.40714 20.1816
Curve_segment:1-1 6.58836 0.44949 8.4257
Curve_segment:1-2 6.68084 0.544198 7.79698
Curve_segment:1-3 6.74223 0.574366 7.1483
Curve_segment:1-4 6.85 0.673991 6.50826
Curve_segment:1-5 6.93433 0.818586 5.87233
Curve_segment:1-6 6.99947 1.0313 5.25492
Curve_segment:1-7 7.03877 1.29192 4.65321
Curve_segment:1-8 7.06222 1.58639 4.06697
Curve_segment:1-9 7.11922 1.93288 3.51236
Curve_segment:1-10 7.16443 2.33622 2.99838
Curve_segment:1-11 7.19712 2.64972 2.44363
Curve_segment:1-12 7.26784 3.12374 1.995
Curve_segment:1-13 7.33694 3.59046 1.53922
Curve_segment:1-14 7.29195 4.04351 1.06767
Curve_segment:1-15 7.18074 4.50758 0.634887
Curve_segment:2-1 7.18074 4.50758 0.634887
Curve_segment:2-2 7.17747 4.78409 0.680812
Curve_segment:2-3 7.16892 5.06211 0.714609
Curve_segment:2-4 7.18678 5.3389 0.754681
Curve_segment:2-5 7.17705 5.61802 0.761249
Curve_segment:2-6 7.15923 5.89764 0.768042
Curve_segment:2-7 7.14241 6.17549 0.792243
Curve_segment:2-8 7.1438 6.44372 0.873107
Curve_segment:2-9 7.11555 6.71252 0.947327
Curve_segment:2-10 7.14966 6.97564 1.03708
Curve_segment:3-1 10.6863 4.9338 11.2258
Curve_segment:3-2 11.3109 4.94937 10.6349
Curve_segment:3-3 12.0942 5.12953 10.4973
Curve_segment:3-4 12.4052 5.00129 11.2157
Curve_segment:3-5 12.4334 4.41403 11.843
Curve_segment:4-1 12.4334 4.41403 11.843
Curve_segment:4-2 12.4142 4.43751 12.2986
Curve_segment:4-3 12.3652 4.50292 12.747
Curve_segment:4-4 12.2826 4.59986 13.1844
Curve_segment:4-5 12.1531 4.65264 13.6181
Curve_segment:4-6 11.9951 4.66303 14.0449
Curve_segment:4-7 11.8086 4.60202 14.4563
Curve_segment:4-8 11.6013 4.49424 14.8475
Curve_segment:4-9 11.3824 4.31957 15.2051
Curve_segment:4-10 11.1524 4.08184 15.5193
Curve_segment:5-1 11.1524 4.08184 15.5193
Curve_segment:5-2 10.9806 3.8569 15.7108
Curve_segment:5-3 10.7989 3.61473 15.8694
Curve_segment:5-4 10.596 3.381 16.0139
Curve_segment:5-5 10.39 3.12791 16.1029
Curve_segment:5-6 10.1735 2.86581 16.126
Curve_segment:5-7 9.93819 2.62234 16.0945
Curve_segment:5-8 9.71148 2.3906 15.9974
Curve_segment:5-9 9.52583 2.17225 15.8144
Curve_segment:5-10 9.35462 1.97047 15.5988
Curve_segment:6-1 11.6152 4.94506 8.59058
Curve_segment:6-2 11.7198 5.0425 8.80103
Curve_segment:6-3 11.7906 5.2195 8.96812
Curve_segment:6-4 11.8764 5.38873 9.13604
Curve_segment:6-5 11.9809 5.5432 9.30859
Curve_segment:7-1 11.9809 5.5432 9.30859
Curve_segment:7-2 12.2051 5.67473 9.94965
Curve_segment:7-3 12.268 5.62818 10.65
Curve_segment:7-4 12.3142 5.56037 11.351
Curve_segment:7-5 12.3874 5.40833 12.0289
Curve_segment:7-6 12.215 5.44561 12.7051
Curve_segment:7-7 12.0388 5.41975 13.3847
Curve_segment:7-8 11.7703 5.4692 14.0341
Curve_segment:7-9 11.438 5.50103 14.6531
Curve_segment:7-10 11.0425 5.49198 15.2342
Curve_segment:8-1 11.0425 5.49198 15.2342
Curve_segment:8-2 10.5921 5.6449 15.5894
Curve_segment:8-3 10.1301 5.93326 15.8539
Curve_segment:8-4 9.70136 6.25661 16.1307
Curve_segment:8-5 9.25675 6.55187 16.4177
Curve_segment:8-6 8.78022 6.77486 16.7161
Curve_segment:8-7 8.25094 7.0025 16.9028
Curve_segment:8-8 7.68314 7.17445 17.0048
Curve_segment:8-9 7.10228 7.22374 16.8756
Curve_segment:8-10 6.68302 7.34679 16.4839
